    public static final int[][] world =  {// 24 col x 18 row (1=WALL, 2=GRASS, 3=ROCK1, 4=ROCK2)
            {1, 1, 1, 1, 1, 1, 1, 1, 1, 1, 1, 1, 1, 1, 1, 1, 1, 1, 1, 1, 1, 1, 1, 1, 1, 1, 1},
            {1, 2, 2, 2, 2, 2, 0, 2, 1, 2, 2, 2, 2, 1, 2, 2, 3, 1, 1, 2, 3, 2, 2, 2, 2, 0, 1},
            {1, 2, 2, 2, 2, 2, 2, 2, 1, 2, 1, 1, 2, 1, 2, 1, 1, 0, 1, 2, 1, 2, 1, 1, 1, 3, 1},
            {1, 2, 2, 0, 4, 2, 2, 2, 2, 2, 1, 0, 2, 2, 2, 0, 1, 2, 2, 2, 1, 3, 0, 2, 1, 2, 1},
            {1, 2, 2, 0, 2, 2, 2, 2, 1, 1, 1, 2, 1, 1, 1, 0, 1, 1, 1, 2, 1, 2, 1, 2, 1, 2, 1},
            {1, 0, 2, 2, 2, 2, 0, 2, 2, 2, 2, 0, 2, 0, 2, 0, 2, 0, 0, 2, 2, 2, 1, 2, 2, 2, 1},
            {1, 2, 4, 3, 2, 2, 2, 2, 1, 1, 0, 1, 1, 2, 1, 1, 0, 1, 1, 1, 1, 1, 1, 2, 1, 1, 1},
            {1, 2, 3, 3, 2, 2, 2, 2, 2, 2, 2, 1, 0, 2, 2, 1, 2, 0, 0, 2, 2, 2, 2, 2, 2, 0, 1},
            {1, 2, 1, 2, 1, 2, 1, 2, 1, 1, 2, 1, 2, 0, 0, 1, 2, 1, 1, 2, 1, 2, 1, 2, 1, 2, 1},
            {1, 2, 1, 2, 1, 2, 1, 2, 1, 1, 0, 1, 1, 1, 1, 1, 0, 1, 1, 2, 1, 2, 1, 2, 1, 2, 1},
            {1, 2, 1, 2, 1, 2, 2, 2, 2, 2, 2, 2, 2, 2, 2, 0, 2, 2, 2, 2, 2, 2, 1, 3, 1, 2, 1},
            {1, 2, 1, 2, 1, 1, 1, 2, 1, 2, 1, 1, 1, 1, 1, 1, 1, 2, 1, 2, 1, 1, 1, 2, 1, 2, 1},
            {1, 2, 2, 3, 1, 2, 2, 2, 1, 2, 2, 2, 0, 1, 0, 2, 2, 2, 1, 2, 2, 2, 1, 2, 2, 2, 1},
            {1, 2, 1, 2, 1, 2, 1, 2, 1, 1, 1, 1, 2, 1, 0, 1, 1, 1, 1, 2, 1, 2, 1, 0, 1, 2, 1},
            {1, 2, 1, 2, 0, 0, 1, 2, 1, 2, 2, 2, 2, 2, 0, 2, 2, 2, 1, 2, 1, 2, 0, 0, 1, 2, 1},
            {1, 0, 1, 1, 1, 3, 1, 2, 1, 2, 1, 2, 1, 1, 1, 2, 1, 2, 1, 2, 1, 2, 1, 1, 1, 2, 1},
            {1, 2, 2, 0, 2, 2, 1, 2, 1, 2, 1, 2, 2, 0, 1, 1, 1, 2, 2, 2, 1, 2, 2, 2, 2, 2, 2},
            {1, 1, 1, 1, 1, 1, 1, 1, 1, 1, 1, 1, 1, 1, 1, 1, 1, 1, 1, 1, 1, 1, 1, 1, 1, 1, 1}
    };

        public static final int[][] world =  {// 24 col x 18 row (1=WALL, 2=GRASS, 3=ROCK1, 4=ROCK2, 5=DOOR)
                {1, 1, 1, 1, 1, 1, 1, 1, 1, 1, 1, 1, 1, 1, 1, 1, 1, 1, 1, 1, 1, 1, 1, 1, 1, 1, 1, 1, 1, 1, 1, 1, 1, 1, 1, 1, 1, 1},
                {1, 2, 2, 2, 2, 2, 0, 2, 1, 2, 2, 2, 2, 1, 2, 2, 3, 1, 1, 2, 3, 2, 2, 2, 2, 0, 1, 2, 0, 2, 2, 1, 2, 4, 2, 2, 2, 1},
                {1, 2, 5, 2, 2, 2, 2, 2, 1, 2, 1, 1, 2, 1, 2, 1, 1, 0, 1, 2, 1, 2, 1, 1, 1, 3, 1, 2, 2, 2, 2, 1, 2, 0, 2, 2, 2, 1},
                {1, 2, 2, 0, 4, 2, 2, 2, 2, 2, 1, 0, 2, 2, 2, 0, 1, 2, 2, 2, 1, 3, 0, 2, 1, 2, 1, 2, 2, 0, 2, 1, 2, 2, 2, 2, 2, 1},
                {1, 2, 2, 0, 2, 2, 2, 2, 1, 1, 1, 2, 1, 1, 1, 0, 1, 1, 1, 2, 1, 0, 1, 2, 1, 2, 0, 0, 2, 2, 2, 0, 2, 2, 2, 4, 2, 1},
                {1, 0, 2, 2, 2, 2, 0, 2, 2, 2, 2, 0, 2, 0, 2, 0, 2, 0, 0, 0, 2, 2, 1, 2, 2, 2, 1, 2, 2, 2, 3, 2, 2, 0, 2, 0, 2, 1},
                {1, 2, 4, 3, 2, 2, 2, 2, 1, 1, 0, 1, 1, 2, 1, 1, 0, 1, 1, 1, 1, 1, 1, 0, 1, 1, 1, 2, 2, 3, 2, 1, 2, 2, 2, 2, 0, 1},
                {1, 2, 3, 3, 2, 2, 2, 2, 2, 2, 2, 1, 0, 2, 2, 1, 2, 0, 0, 2, 2, 2, 2, 2, 2, 0, 2, 2, 2, 4, 2, 1, 0, 2, 2, 2, 2, 1},
                {1, 2, 1, 2, 1, 2, 1, 2, 1, 1, 2, 1, 2, 0, 0, 1, 2, 1, 1, 0, 1, 2, 1, 2, 1, 2, 0, 2, 2, 2, 0, 1, 2, 2, 2, 2, 0, 1},
                {1, 2, 1, 2, 1, 2, 2, 2, 2, 2, 0, 2, 2, 1, 1, 1, 0, 1, 1, 2, 1, 2, 1, 4, 1, 2, 1, 2, 2, 2, 2, 2, 2, 2, 2, 2, 0, 1},
                {1, 1, 1, 1, 1, 1, 1, 1, 1, 1, 1, 1, 1, 1, 1, 1, 1, 1, 1, 1, 1, 1, 1, 1, 1, 1, 1, 1, 1, 1, 1, 1, 1, 1, 1, 1, 1, 1},
        };